9646101438204033960440056799485744374755213782826463368085795307769500454492460105652654083319200718
1621617840565954459458609064322495869041332751343484331812176150198555330532798515162801863171477975
4755518034445123684614669400658004765638707426941782209216894563337095163087590104444593536284804220
8704449798183504432452165767679621874923809063788999573512951957145159504569267678667312331672961050
9613090997108104645681214071721236627315142002984613886763027481257527769349716475048642889233830775
4152764597620467928082786446329770991789635419414487477293889565059764861271356251205367751958518493
5578279808272005306524597622739054633671047158748205109039630380737475923370730570163847318782495286
2338121184586330431443601434899027799538213353935639515844543368127323018951177030457454820162544811
5937799069447495678595237111004217836308042913291616050400488121978661722258923753310187863704174124
5082206826296246930523384904919164144895243209330440579738022327336030597795367907249022189561069254
3467990217977374839746411334557042969983168605910127433777221765267245554375442910437079127802074402
3877257621080849106379873770603160951745459258456832749632048497061399725546696424533259447296740535
9034097107739020749192195027383230041855151359232206377720475459812912302654438097564057530602124447
6889504889146139905545872349330854242446335430599243730076619938034302099674269601027002105480091909
2753386539293491480466908253209791613687159938500652176641990509270957262658722971716937575300938365
6429687772954577156130487752473350304191114436823176209737511355987809057368264332018058957855976943
4014234067638679181049136781701310514775910478746994013327893401007514618633830441266612716106152858
3592905754029012486829467124314461900504715487215986105055530515618694529456282324304438790027553847
1020403788314716406155697734372325711246883207163657169611490366467464278894441465680286411155770553
8294060015525549524467001227907691515864369587735180276439904912041998119295787898000986202289300471
9436207480351819352920495484358314738397219904737334893433507647282022280522590445837896880189507620
9249642668077180550353906585711408361624644948001949037038410430158565192264959218911829753345792836
7771693224486207595587608544537776391816945818518497659686015796114780269357690203849272287608997379
8153971034796458510204482714389190067771268080724976143088217385764635679241855513167172084990914882
2483675598230069417488541141665996438971945619241071257021757588092092494731114120847562921737346188
1909500730271778080741147778101157968094711275790733903650008651890255188628643577608188316390162557
4108766022422179169141165898028634379328803832407373757861729722266732098827982974987651410983479731
1376236873579469363530817263152076774507526983497090314416585914062679259695142914307485507780979207
9599142175918132829537455884717548399492820333022629228278543866714995768286394950195064563014960612
3700733759557379558226706487059582548244765662102123776016955264532872658269316581232501629253082677
3388969826948842778227452090611404330928823213981137733649669169901204743639007043242535466885823110
3020501364037144238799332090556882109886936783001808379493397670774468122094394918060125064058124451
3903017125330821439763036489749539477730134447257457892803907505173605311275188604671864738078886372
9038186907265647906573553307300831773864722878264848946167639246051634930173898516269015362799856325
2361009225183355301885234302308413466046544876338280074770710199079246769676262448580944368842924408
6712131443639074232303645805085568454736615066405196690061274081605102819380731646710864268609063584
2016143261480320861529823147327773996947095841063320236056258664469495725072859475257669231890263952
6646305003264902416329896299052834415692359045287076306901338258209572012269305292342288138055079153
2457657580505824815687425044228080930504260155699836204250393926277242481264429997371503143343155742
3175907138606340890050921821730547132284849306114262784246398188574081760749451806218807588276502101
1894205054488607687356949041870963383524217470215474000303683823949473033038841746950126657853289823
9296675493357425885678874745487077341429970726281015503503269692068597889558995018411905588719371603
9224302914535820695499773883409965290586771349093240483709791390880194125360316702280543192643103105
4337388151129316194152877299334065693715246680961698138221374434653310462385272685848695992193722886
7034861409360611926546809433956263581686328612669536708032294857731124779784459699114885398497928094
5938448634678611710330097919124159370974001722168443149575728736421422810091978361702348869661787988
7701098349483590376070561256797324959066326218573868867232483548974034327125730620971436387910107204
7695467066304753553336217646437581120040686733911327990877996844669211952261600263007382125001500839
7414999112543837872910615060773913556951803767632375146041243237054122098668174274791051750693870518
7848373011368924932436852901978651735314302858917073550488109823940871520576965432601983871527475691
2386592786899170783655027432542197074249422838234189435765001146050885767098339951543467228948872993
7049176517443283151615879148396244615209870310637924718119117148570003968179493313184917485129588292
1333157839598207418818721361939049740013664179833297769339073474353962787835475879904847876294770611
7743182569795644181081739537560108916161608400237166518741366244988193846240996920318938750518852459
8712340493785696963724817323703351546822827812168619214031939164705136624097435964764936028216062631
2364396070499114960628904679069979435596938019209168237480781415644944166525418328583534996892375714
9616108558258221902103273463417061743574009469900472760126693521496416231949280325756686760934998011
3898798105603817736790973957529437854634177241911833968169812950380939058283754956922889387700876136
3509476552918495163445097765653170182511262002784604967465685702258045726886623957405491853026673574
8232245451575181178651972157161333970843558821396436262801518726775242111769411659718374793790692159
9961822886778347080351998444605338491801726182614745965413284674997865070396092042255088103299440611
8637533509483124269821900820525844933189136558393766086839514887022960186206450240009587573336239908
8812514569236591000417400071749203940506912749189540159726677651560301167551135566794842059447203645
2670622970946429725457873332298766663417159677492865358245876297700499764359569081392193657918016836
3837279577246661084964430101418345886675188204434075607304456916855011323289381251155831653743813260
3360455589194191482165979290540431870208454478580521727525422989807250011461044114730945561843133957
3575210655137039168871723484265639002084353016776728316060909696848891402438317134964584533961921050
7120888594738961702967534476450332664357125144450712458751102579751882662476510176976398150142899339
1343532208511572508655778462675861269801153759761427026340045681328427760511453650463321458503155710
7512200932842812356385202988049250811799840283026946390213223356694172546626463646992932047666597202
1841135111704746106469664210548153988440668551190076950178098703609183857742272116470177904719883836
1876883567164692804846439724398196438995900788912087812112344384471110160448143644536825933204486963
2411041390703654311885260096665708853237187205147417398485063228047805034865196037526670278228289126
4735766131808132802416261073722298232642546676581392908412949399394208731729495628316250910383313628
3775851876200534652929093811533363961173244785884111692098877784234912162786146845613322290015900359
8342295171016344384805133139003681465021362353145605777861019676937750757291128274875547886574526844
7397082184841756086756511341562629637559926082752969832979694217846026786606561246270452701848019015
4090783604044238333186756389711884565454237161914572691795100379159840620017530081633574194915599496
4624740576670093365596458983761721604456451388864595659784150626810337205213162917102497981602290165
1535423702593685474512654174575569187048357505843704323839528364134998479896694305253322351902189674
8754733518543164383315502697289646450887138545095309063374129076057920173884240852424994415817806259
8916753295400516675487777800073545145620799018673294315274431613611689000052431644743094044531822503
8400656696281602849933004049982421587841802945014387228060119479264810385879577789138825961634144590
1323504834413486225762048821723104929732219543900516417867366373148745934317399830847189662868911271
5354015482280857114636736136474133729954177895310361104219646697706766189192940648127791642012719231
1883782471514824089831235408033192410372704415156260869539007132321022962437979642056098025186919512
5932930710701554831748199626388676405946446794562771617469035661069173183352936256328612537350195131
6813496523512150137916518580908375433621328047584995742552966930456420632957748324547792164685327769
7695605454016522940062813234305058414819840984839361535595102691773208765716217697851602562016131975
4583812455170856615577681408933266685540266641661707945667005984963038786274783492380732192882553857
9204834820774738077137796587557308408376381016278636937956665451586057685011945629615404699926370076
6596206204208142460114511637499319492086197104731879878114991992005418235379840441621224896927832531
3604988799135838152829632934750612021766019978607484251245135608571193927081005829368972710221286036
9679265323140385264363556942619902671339128107344889275179527191602365619414371925473276317066883764
2619435538498806706745817110024416359890285444466275222446412321645653014788848068943927106289669046
5587357523280841134677675429835098294537681299771598651839544703498543622877597417518065805423674489
5089838729407323047798667969898640870163847228190797760401396111693927909613572251681376816279122517
9856835185541260062143314063012155795560062584736057155369868983861502716154419248832973851040687839
2033740013941914176169227057745399068353009894606773816813578911919711551384306715775932630793073633
7809369880537580886517709605131028810695443153502780456953335567245708594389431003535859097262803778
