8216839581262110146977305106037728919126991783333645155066869304461593604840216626983440703610122136
7133291113415252349837451849343729821010706002833899662051664938702004910787254458887523828623510971
4677577695015626623883240290821227484565228099082441429252091476132607928420444613184653068322412752
2467140725590818811846167548670085426809440410488049490770042137606595219175722889037838867057318824
4456911641226145436737988786037640933900116041824499048926820007442607539596894424809952584523573248
9701370124726912205727588073456735244173886479513581173066622758740295888553082068514061532088134101
3775953822257531071220561716069534986817719849049860995782969534203331742660136175925582129561288999
2267574543269412657046230491033042869231893085987723443013392016085719697276965020299447475213446914
5831687292578127075702141894066398893235314479404711773713607966576039708798159794270488123751091768
4111144309230620133753938510184539311672645859654414231240874289157582201025319299863639577545732938
4447550850152346151850824618029906274748810258217593925889217512084848427657413941227014985838657482
9542158979339299637513368261014646587938454222670662088268490934146270597650389519771228273244871224
8972287618310182659494935411975460537689146717139900386401609030095355780987522516843791200169324460
5331257913683657429907661344180059808594534946508445392127829909292294472410141904142708915058466004
1184537240808911262468963509709597010920428163280791108088584122565652965256096610050663362021754107
5431219008041873706439791143702998946195437297210613118917231748723012464597550157992061821386807733
7041001003295922385921606660922213728141446295253991616367704072210728456463333115907876040489818230
2939326526557748374802118098654648898010411565650986382545909662416281242640417365349766569707883957
7731604383650475959537248762128651223810235985561398212244289532224093945249568807178297101075602032
5004761676490383302827854897075201657120751109487446435123495048518953553182529663514285511413823682
7046920782600194202533889439601599513384433658443419141619714708362839034556544894128362462497595174
7543304222123812234829012916424750910526854218051859485099277567178485292720662909261655720085995787
2676845119980324893223976439185837133717751771185754731538570959152438629855805266598927090287939439
8687462664188261499631486335152812371184160164390094787562206398448790992149704965948977941320529974
4185146824768739585032062694847022812654908624742101154057147458795567968905452508418658435622988079
3469896162846510628821425863860884169542612511669911054535987336363186834071441754983315358366702109
8611659020438093816258329468977155229358259384714423853198262131021382323940396100963992836920687381
4361815393877491867825491345767515225712677885756790050685285795672158459369606279092324139804757159
9528114470880791898963945817485535742580633278039828587695966331070677289800394482843171788733746589
9866311888801200053680637177341104958622620070807558543640037820960873875885004237393163829852346305
1118339496648652512170149608553378356021199985188594576695868571020763171330795989720860443677365103
2717578455564551600457274143175429578137426996096112827510043981309215590269864100219148617107551372
4808502992511490140630810629466628279998352476424080926583355835451691130716798781664676619560684961
5124520534080760192719758162428121549740878884516208111322056212887896837783999570389882044105784846
2580477634577325124977614673993046656462306548564331205295009497632625167475944089647267346011456814
4018212392330280065564757566190224141853030773553530169554200798961297440852287469830270917466286373
1519519601542143672877593208920780769187809006341147545204843154748789759032671549341907881197477612
8756234633075706936322029721302781422536239290053317044060807755727150273312597334616613492344321673
1879167408544842104944634723982813486714576244552076801144706966538762365756274584697086067985052142
8667735780968173535491096955318917768789720222718232596902134326246732209675485388664490852572306973
9636496271777505588171139208367234690337002136760785351640759091382403024143428559373679270903154911
6892327404237776725759560068405216444565712977893818927235590176488532363956515415821534762324036275
7337715890577715341144737807306785721012008043707350557483356328763945370205476364452630498500783251
1901924242499332617980753516181221150277268876252184120886334142678056772309639643840742918059060650
4508907959809140078977417914891807825128066402936708674877311711394235135245171371837318810501436338
6215764581762394637348621389213248450546175197121365282806960207881765224694717308720625432992317008
3192168108397998954409424738958795650472549688437617295441896186065482602909955792758194864873422655
4422472445323780880620757454544004078947320030609945854788344703796311312147093811579248622593077013
2456332164161149173453361606387825020412794073744055683315325026192481124994223535922019295441007182
5911407901330217195500048615571243359897393020706433253259910239589777865300658073601016357982615596
6957641419336673622761829706231817860688968837598386821287662632920854946411202582843766433619186077
4716189218811869707947965753229680775493896747338214075444582236067816387454295466207533238085345174
6074807125696565819916087940060784231407997340330045716655227098796441124973354379412232103572504937
1111232517783623035722150361062427859565310514450148518896624874721229475814426398547859876827817199
6565475076165592955867337797070154487932916397280893451699889497201163608292993733604824459963851383
1941858696525809690937900550765442742860708905330036838595031406797813796020570148509165165859614465
9223698824716090700008225872764374388839268123801486666743585483558088915773389007473516158039690724
9018231763889970328026843273986048687390199582802003755808892480338377917187914581579998563324073457
8187086478054449560126214477158237827347842454290227614936595884359044796688927764541081662312311129
7879252011588171373120346761826616222808441589380759055144733250134617960460935378833129808959504671
7379418035524995024413170712607422858286300060711804922610545692193882624026914337223333295878925657
3523743581668408688402088547782426487395905451580110877980798841072231803515630734807844334118050644
4626442447909609719531065080271235404198540409949776519442000408944795110360204760873096043522470566
8840743310601346416703204314645975061806883431480709113806788712183033948757935521594620927424852839
1583995503996594364632760918720955372564948134407876718787568237134018633879452038287591766455453444
2509906351072931636374690848994289352182258920224826044336455214987371161595026463309276448263760768
2137081864035983195657302791359100141558348138979184206078738354320781666746475648515173441370612702
8527259685115886992359650239843683606616371376557181113158367807082269765849341273869849876087995551
9678812705798064475358280853739516939418879946686051722103417559148972236610891719052259558311200805
8263073043276420313740658003346595283864385125636559415285438975004490105158373663302170598827724189
4748267018359019942373226444998077762092388102364834401236254503721178752538629640810729710156620972
5967592733543492566829202310827648592092287101567496101717909095418847952059537368751501483002755767
1295103150950276702239618360176267941920689353062106692091933803705855003803883107559270176371289369
8942972350821473090213574852176608153156725249451280193322492205771774688939289793195119097178987929
8881163481958507815967333792745203586358848837054293101673673590541941915006013244764659258729860750
6948811009862747547199644537343588920640133429554048770528741104498333482605502271555103804510688242
9218259813328864831582076658660290341287489335469289636563440289335317371104019466450671058069265582
2579708239766327669004989272786580651348248857206593921427209437587208160506746564665271775021999453
8518853056478046723357118158022661002305740424326820987099800536005571001658674494837339896565365883
4822669769853490443585925120862449831233157076080263271578230887456032119167013710996932906290104350
7936753153939944148158976065256765242563189122672828861342445812746965999179067029824677420891242269
7456437756488144667052948022813692556615182012200454234742403769166965870197353069348131810287284557
6816227766508975083286581701226995631599253409793200712975013841369815885465408907025771816413361087
8960277227922689416463022009136232668179875003346307846086637761874304597680123760098864591760492135
4645174577860561034000979264076313543785907139541957599594506570539294839666073822793746304250003895
9510612299150584082384320700395988652112486482353027564419810851605268399366676022196067637145192994
5637230436177015947975757481506684349541598703287858882027549076108648251738857595779970817245684036
3593686458500142471200118203268942860125490002414507740456656496202641928438215563068949148200410690
8377989812626611236029364002441020400365827015165566871315517751107016866548676511693581639329226679
7225452493351275223286885489866797550640530237889352992633886259849949022024491715300074835377672633
8425862023440198394204690373981044177302850316729218712367326307718611500655489165847797414228514343
5268563038365263699673139020632849576030713159644242259181706517960444864383170073509883283155777206
6300752106053623904970505106866998384264342488292271379979708848477737191972023376204846273017416051
6758730575880074616275123775270213812155008301042668464876837225909103853635073658392013382140466071
2161594896281694774943557541180643976458067438492218383393498779179354466756285704554995047894384429
9127098182386555414377989405200079889063218978574969825183539518619403210055757442042237142621117979
6477975620918397987730166008848305877249146588843102864587421989054051636153028076305770345922751786
8369104760456703178863943477710357155439273851736366249402579039799446793088101640448932171258759977
2357819792493983985894832063328075125524820511260006105386991002173897580809163167743280770846105717
1032911361417509683148360506510295930017664304998715359125214599002557450150163254122676457270490028
